Gene		Rep1		Rep2		Rep3		Rep4		Rep5
Stat3	1.5301466457828423	0.7546300144191155	-0.6106930710908333	-0.4402037765977447	-1.233879812513379
Esrrb	1.9382483767906644	-0.01832665486775416	-0.5642319848934483	-0.6251556890306674	-0.7305340479987944
Tbx3	1.9471419339474707	-0.045378030022055406	-0.6085883755558195	-0.6416970072925237	-0.651478521077072
Klf4	1.9476653925236969	-0.04964248852077182	-0.5956229579670478	-0.6262437681338496	-0.6761561779020274
Jak3	1.8851448703531448	0.13978920886140134	-0.4934979218857935	-0.6932638035158293	-0.8381723538129232
Jak1	1.6203144974208141	0.4984963279943238	-0.98290278505773	-1.075320218045474	-0.06058782231193528
Isl1	1.036335809818109	1.3801514538301685	-0.6933704054203008	-0.6944332049381123	-1.0286836532898667
Lifr	0.3239242970510643	1.7293070275019082	-0.21762366648247328	-0.624135259883147	-1.211472398187351
Akt2	1.9486620158331494	-0.12110300872022037	-0.5838884723570186	-0.42978519361259643	-0.8138853411433119
Fgfr4	0.9734719390567186	0.22556786786993466	-0.29198174939132027	0.8702611772329422	-1.7773192347682736
Fzd5	1.2650621556288615	1.1783026814387436	-0.6956149267483909	-0.8703019673101724	-0.8774479430090417
Sox2	1.7173166451153667	0.5026900842750719	-0.4294951180522568	-0.8221317741128555	-0.9683798372253267
Acvr1b	1.965736918614578	-0.7034627305217965	-0.6733177652851434	-0.37881950179801804	-0.2101369210096213
Nanog	1.971123140916446	-0.18725173097440567	-0.6335836212827797	-0.6662513832195825	-0.4840364054396784
Il6st	1.8776743692748419	0.1827724585082482	-0.6537223580795711	-0.5934909394768131	-0.8132335302267057
Inhbb	1.982181924350537	-0.2477814456255212	-0.6050379987618123	-0.5110231163575252	-0.618339363605678
Map2k1	1.9125309491708589	-0.1030121164632083	-0.23658880194851728	-0.925362766056076	-0.6475672647030565
Wnt11	1.551001798854193	-0.7987881604782499	-1.273895094486702	0.5750432201274714	-0.05336176401671279
Dvl2	1.555232438661111	0.023042680474860435	0.4272067538531058	-0.5627200764031394	-1.4427617965859378
Id4	1.9936868389539728	-0.3526516668096456	-0.5214764397366116	-0.5265676572555189	-0.5929910751521962
Pou5f1	-0.19289938927062372	1.5903651199330873	0.20341645066493502	-0.055210093162813265	-1.545672088164586
Fzd9	1.438303900975327	-0.058302883617316295	-1.5810712185510631	-0.3510630898153778	0.5521332910084286
Hoxa1	1.9307154762251482	-0.6097873415484356	-0.6686750080002178	-0.673008251380632	0.0207551247041376
Wnt3a	1.8688188656095859	-0.5410685360150932	-1.0446270975486083	-0.3458111346041385	0.06268790255825385
Hoxd1	-0.7571629413782448	-0.7571629413782448	1.7274715880217235	0.5440172361130107	-0.7571629413782448
Dvl3	1.630089323849244	0.38283981986029847	-1.4160582730633118	-0.3787287033410657	-0.21814216730516658
Inhbe	1.0328324392025574	0.951369598927426	0.002909387152683478	-0.2676636180468598	-1.7194478072358066
Smad9	1.9905789645121144	-0.46627414705322956	-0.36527613686119426	-0.4926713542625115	-0.6663573263351783
Fzd10	1.9802732081688015	-0.22438904754127909	-0.5950677359931891	-0.5929497449564056	-0.5678666796779277
Grb2	0.6469888663431509	1.4129802068587862	0.15040079955396118	-0.8608445445539858	-1.3495253282019113
Bmp4	-0.9597694811313743	1.8485179387061748	0.21343602428179684	-0.4845200211729054	-0.6176644606836917
Rest	1.230639151669808	1.0534058737281082	-0.12390409905305866	-0.9630091395523354	-1.1971317867925224
Inhba	1.993195311300115	-0.3449996417608997	-0.5587209935854218	-0.5800998516792242	-0.5093748242745696
Setdb1	1.0348299478717156	1.3507693480752232	-0.5043741019276876	-0.7397995032053167	-1.1414256908139337
Pcgf2	0.29192104830157256	-1.8450328790717443	0.8193491116206927	0.9007816058672027	-0.16701888671771986
Wnt2	0.642396249747233	-0.7718926922967665	-0.7718926922967665	1.6732818271430667	-0.7718926922967665
Mapk1	-0.7365629050775976	1.8806626337318306	0.18639975949928003	-0.684273815916649	-0.6462256722368623
Igf1	1.9912725067914194	-0.3399495288067768	-0.5292755526496316	-0.6304510076516484	-0.4915964176833631
Kat6a	0.5731916901355387	1.6940265898278624	-0.6846393114056233	-0.5903963326620643	-0.9921826358957135
Neurog1	-1.2156498741056807	-1.2156498741056807	1.009640462986253	0.7958571118245825	0.6258021734005266
Hesx1	1.9917493435983447	-0.5318863407099947	-0.3322134747862649	-0.5198420919078889	-0.6078074361941957
Otx1	1.950332987966913	-0.23131281547773475	-0.8252148201920132	-0.2704485545167102	-0.6233567977804548
Lefty2	1.9779817107111466	-0.2165044228322535	-0.5469648478505519	-0.6521082473390563	-0.5624041926892844
Onecut1	1.7315928003190368	-0.04307444776913016	-0.9734825195823439	0.27352274333397725	-0.9885585763015395
Hand1	-1.0110189539044034	0.25851487381056093	-1.3047858559618586	1.243498016003205	0.8137919200524958
Jarid2	-0.827756886868815	1.486830604845211	0.6023414501075188	0.056952925614937894	-1.318368093698851
Wnt10a	-1.0507992941544293	1.4045208814591883	-0.6297021664106691	-0.7247189542092612	1.0006995333151716
Id1	0.257817095446847	1.85103822263353	-0.7901376027461029	-0.7410968720896542	-0.5776208432446197
Axin2	1.9836128385020424	-0.25242630418582795	-0.5654248678891978	-0.6172003262319928	-0.5485613401950233
Meis1	0.10489385333576905	1.8565827813862168	-0.7907382789927225	-0.24513655101912404	-0.9256018047101403
Myc	-1.2745988224071532	1.6971572774482755	0.13484376034431883	0.12224998842784177	-0.6796522038132835
Esx1	0.3795014715291549	0.6363411577906509	-1.51535414894283	-0.7577149564310406	1.2572264760540628
Id2	0.32520336810126327	1.5592943257193013	-1.2256995302320883	-0.9391109508644764	0.28031278727600106
Axin1	-0.849884721861743	0.07052249839264177	1.440319144724233	0.6644515048046191	-1.3254084260597483
Acvr1	1.9397238886107733	-0.9061245807294801	-0.5069290672936795	-0.16149792246566066	-0.3651723181219533
Wnt6	-1.0243439581645077	1.110818018207577	-0.962624432285002	-0.4004763181932892	1.2766266904352213
Pik3r1	1.485945721113201	0.14674373219851336	-0.4648555889349441	0.38366327249988386	-1.5514971368766515
Mapk13	-0.20335995368688337	-0.9889592592311648	-0.5299656637054765	-0.1916177694249198	1.9139026460484467
Wnt7b	-0.23851910623176942	-0.2546310749561809	-0.9310239158290734	-0.5121127289943732	1.9362868260113972
Wnt7a	-0.46733295917224754	-0.3880879256947639	1.9927200767344684	-0.6502879357914044	-0.48701125607605217
Fgf2	0.7024511612978022	1.6375066812264203	-0.7799859475080742	-0.7799859475080742	-0.7799859475080742
Dvl1	-1.071228086320314	-1.1771097118865814	0.40042152176140566	0.376624402831345	1.471291873614144
Lhx5	1.8689774590798836	-0.6970366753125794	0.222132566857855	-0.6970366753125794	-0.6970366753125794
Raf1	-0.643772685020182	1.833002841960588	0.2744497636836147	-0.5328987836022145	-0.9307811370218038
Pcgf1	1.2975814190597823	-0.6177635905475556	-1.0829280390239528	-0.7151423771479368	1.1182525876596607
Pik3cb	0.06865736491878106	1.8301652402152118	-0.47365179419907855	-1.1630737057772194	-0.26209710515769674
Jak2	1.6139976314555073	-0.7316162690252496	-0.8654608072502492	-0.7536393564272773	0.7367188012472687
Dlx5	-0.7971625146538333	-0.7971625146538333	0.8536988632108425	1.537788680750657	-0.7971625146538333
Dusp9	-1.252962189691188	-0.8155390639976835	0.014544954247725839	0.4545264091358348	1.5994298903053117
Smad4	-1.5187682369473154	1.3594906148422274	0.07960414457176523	0.686218034617536	-0.6065445570842167
Smarcad1	-0.27360716923827355	1.7682679503418655	0.08970321455569355	-0.2748734483821992	-1.3094905472770892
Ctnnb1	-1.016416915570915	1.7604886692391182	0.33804511462022224	-0.251391952318813	-0.8307249159696137
Wnt1	-0.8159572120084286	-0.8159572120084286	-0.8159572120084286	1.1664740425190914	1.2813975935061943
Zic3	-0.848005513885667	1.7247296259462528	0.48919642260086577	-0.42410531527030704	-0.9418152193911461
Pcgf5	0.014349313052453775	-0.04151306238806898	-1.3599008175929992	-0.3521173884530002	1.7391819553816152
Wnt8b	0.35705259596594746	-0.9419519846883746	-0.21951093448490144	-0.9419519846883746	1.7463623078957033
Bmpr2	1.8162010647071272	-0.7190577858010639	-0.529219157975687	-0.8934814500254393	0.32555732909506435
Pik3r3	1.851337996423983	0.19344103883239583	-0.6316834149088182	-0.4441696149110217	-0.9689260054365375
Akt1	0.6094726059090723	-1.300967998159497	-0.500362550828972	-0.3979020125563099	1.5897599556357047
Rif1	-0.1277020785888377	1.52785432934582	0.34393506263725604	-0.16136028073400238	-1.5827270326602358
Acvr1c	-0.7831326539908906	0.7273320471954708	-0.7831326539908906	1.622065914777201	-0.7831326539908906
Wnt5a	0.4028930782390965	1.662027856953061	-0.4712890390112434	-0.2567252604905343	-1.3369066356903783
Wnt2b	-1.5991310573545616	0.08830492033630387	-0.025882476650296162	-0.023344978939482758	1.5600535926080366
Smad2	-0.18131095646603312	1.9346312155679068	-0.25044374901784733	-0.6243803487308992	-0.8784961613531281
Nodal	1.7077388319246491	0.3466162224229807	-0.8918230723570618	-1.0774497167088593	-0.0850822652817108
Id3	-1.4942174753271156	0.3277830245345022	1.1556648923580761	0.8190963651402648	-0.8083268067057264
Inhbc	-0.9913159992285745	1.5608280438629658	0.7573825740703533	-0.4113011423330016	-0.9155934763717432
Wnt4	-0.9221893215519313	-0.5607060456204075	-0.3292131132854516	-0.11495646960418408	1.9270649500619736
Gsk3b	1.7602151780485755	0.11100964819079098	-1.313544341412162	-0.21396772688694524	-0.34371275794026257
Wnt10b	0.5891323162546391	-1.5894685884322832	-0.41751874115398135	0.020801645466746326	1.3970533678648787
Apc2	-1.33033273366351	-0.7519891825923906	0.3348404815815209	0.1575831729952205	1.5898982616791602
Bmi1	1.2597777836461843	0.6054060737758417	0.3324472055183914	-0.5883592978862096	-1.6092717650542083
Pik3ca	1.1788137315877139	-0.9336714097583128	0.8098102451130588	-1.4010896969673987	0.34613713002494445
Igf1r	-0.9506988014798318	-0.957504089965729	-0.26255877497825797	0.4712483189944671	1.699513347429351
Smad1	1.0671436527283742	-0.3841880273668188	-0.8316806549807376	-1.1525954520708452	1.301320481690022
Wnt9b	-0.7561990531839261	-0.7561990531839261	0.537967111661048	-0.7561990531839261	1.73063004789073
Acvr2a	-0.18436450396606716	-1.2374173085088602	-0.046512507639675925	-0.350910583952827	1.8192049040674303
Fgfr3	-1.0994936618149074	-0.6470327258480708	-0.619404981009255	1.491173559136349	0.8747578095358839
Wnt9a	-0.4060694330415856	-0.6879866150414818	-0.5817411999456173	-0.30648133935198363	1.9822785873806683
Fzd8	0.5876538972260713	-1.4488592273583714	-0.7573259844668447	0.22956513916290985	1.3889661754362312
Wnt3	-0.4769767170125789	-1.4542312374685367	-0.2613547231753214	1.401021293828052	0.7915413838283839
Bmpr1a	-0.7176506763004191	1.3945835837327056	-1.4506946554656015	0.647884255251998	0.12587749278127278
Fzd1	1.6835026845453926	-1.111955560033918	-0.9284011828354105	0.22185730590982836	0.13499675241410625
Smad3	0.25634422867437506	-1.3056489953267287	-0.43150001689430423	-0.24625475976425606	1.7270595433109153
Lefty1	-0.25138891181123657	-0.6566877893223846	-0.42392959227982674	-0.6452420783210328	1.977248371734481
Smad5	-1.6640974370002424	1.3080363439781182	0.33312078159829794	0.4634591262215962	-0.440518814797775
Pik3cd	-0.8038899948627356	-0.6208992823347782	1.8399222973334977	0.2908124546401711	-0.7059454747761542
Map2k2	-1.224738636112405	0.7183364869009202	1.4882114803651187	-0.11191932737779063	-0.8698900037758422
Fzd3	-1.1392327867148568	-1.1844354886833481	0.2106134168959488	0.9506907580904186	1.1623641004118361
Wnt5b	0.12230755349677554	-1.025799852950229	1.3765496138046187	0.744795721775819	-1.217853036126984
Fzd4	-0.5951658616519235	1.9535244489392487	-0.4315706826332156	-0.7903485824408146	-0.1364393222132982
Mapk11	-1.4493752662915875	-0.6214275514873588	0.1356731383371183	0.40972593057237855	1.52540374886945
Akt3	-0.5789553501662968	-0.856746549541894	-0.5092332199067273	0.029045260317576153	1.9158898592973421
Myf5	-0.8151989005831505	-0.8151989005831505	-0.8151989005831505	1.311906834365832	1.13368986738362
Hoxb1	-0.7696646471309165	-0.7696646471309165	1.6822859826018484	-0.7696646471309165	0.6267079587909017
Bmpr1b	1.4908527507086664	-0.5189273483208481	-1.475965490715855	0.5702732042144214	-0.06623311588638464
Pax6	-1.3141019374445502	1.1045633750167956	-0.6163510558140213	-0.4031864284301437	1.2290760466719184
Apc	1.3272380030828979	0.09714340367752972	-1.7441880711976707	-0.1005503712269036	0.4203570356641456
Pcgf3	-1.930970360843636	0.5260420456909792	0.6459614933221943	-0.0008793518086548948	0.7598461736391156
Fzd6	-0.8989393322374125	-0.4881896502137925	-0.25832586403736646	-0.3026804726836032	1.948135319172174
Wnt8a	-1.4568736564084093	-0.743614034874873	1.3825767387762753	0.6071343281519883	0.21077662435501834
Fgfr1	-1.085041148782412	-0.9352923977210309	-0.23396943371468246	0.7074902118194974	1.546812768398626
Fgfr2	-1.0958519149537564	-0.7853937309767158	0.0007341078643329561	0.09939225260476023	1.781119285461379
Mapk3	-1.0976471449343392	-1.2314700468761581	0.41795563682164943	0.5829575697633155	1.328203985225532
Mapk14	-1.2986585946355513	1.7138331033920078	0.2587251852092269	-0.13415336270380557	-0.5397463312618693
Fzd2	-1.300261264023212	-0.9872594746813773	0.319682197091437	0.5990501990001323	1.3687883426130212
Kras	-0.8646322974202922	-0.6832473507048541	-0.223365965129202	-0.1552989441298207	1.9265445573841702
Pcgf6	-1.5336049560695795	0.8893619524407239	1.192673381810451	0.10276851130900876	-0.6511988894906072
Tcf7	-0.35436503012066395	-1.8100246688807693	0.6764061105703867	0.6142549117695144	0.8737286766615309
Tcf3	-1.4664066327202019	-0.14174515130249798	1.4093518424151645	0.7410878137172154	-0.542287872109686
Acvr2b	-1.4935543794814703	-0.17714543139657873	-0.49630308826654496	1.3515007721400922	0.8155021270045011
Wnt16	-0.7300954035297362	-0.5703781344569524	-0.3589248109148268	-0.3183428599319947	1.9777412088335098
Mapk12	-0.8312655885184687	-0.7728905551151025	-0.32777723825972316	0.0337605717860533	1.898172810107241
Pik3r2	-1.4671894491893598	-0.7168517109859202	1.2965853507729832	0.08417522011657806	0.8032805892857156
Nras	-1.7526560934069368	-0.22524780883653542	0.95176403755689	0.9848345710784246	0.041305293608159384
Zfhx3	-1.5960627983900484	-0.3059753878547917	0.10967625022649666	0.28763636368053996	1.504725572337803
Hras	-1.6390173566321662	-0.5048800003705344	1.2015918309842355	0.7634928983087138	0.17881262770975226
Lif	0.11902946863264777	-1.4053955231776665	-0.4980251386961094	0.1271333752955021	1.6572578179456257
Skil	-1.7243716499098003	-0.47329398865609995	1.0822812041608028	0.49001138478670203	0.6253730496183965
Fzd7	-1.7578943266608464	-0.4725182537617698	0.761921598688937	0.85209419024502	0.6163967914886607
